67 0.657609 0.385145 0.0505337 0.220999
67 0.374979 0.642386 0.0493412 0.225849
67 0.869214 0.891834 0.13988 0.123866
67 0.0949522 0.405296 0.0466689 0.182674
67 0.480372 0.658308 0.0503822 0.222937
67 0.649305 0.62805 0.0531183 0.173964
67 0.172331 0.626019 0.044795 0.202516
67 0.682296 0.847367 0.122649 0.0971494
67 0.930949 0.669819 0.0594948 0.212064
67 0.572577 0.629567 0.0539524 0.22131
67 0.477435 0.34558 0.0468041 0.20874
67 0.575638 0.371298 0.0499159 0.195113
67 0.389246 0.36 0.0487018 0.211721
67 0.940062 0.378727 0.065279 0.22995
67 0.03302 0.689422 0.0492492 0.209232
67 0.746314 0.376503 0.052063 0.225142
67 0.170889 0.399265 0.0450481 0.204497
67 0.515588 0.901489 0.0707218 0.197022
67 0.0248403 0.394245 0.0475593 0.206134
67 0.901729 0.121026 0.141454 0.123476
67 0.72602 0.67629 0.0488226 0.203961
67 0.299066 0.377779 0.0490001 0.245734
67 0.43459 0.0444319 0.11322 0.0888638
67 0.234196 0.663739 0.0475046 0.210023
67 0.842954 0.391252 0.0544661 0.23352
67 0.0724808 0.187813 0.116681 0.0953212
67 0.100973 0.664701 0.045698 0.20112
67 0.734333 0.110356 0.123502 0.0968946
67 0.232376 0.398798 0.048295 0.230986
67 0.540149 0.124612 0.134581 0.110612
67 0.821033 0.6968 0.0556934 0.214972
67 0.302807 0.646871 0.0442555 0.166914
67 0.987398 0.6712 0.0247579 0.235248
