2 0.377216 0.813377 0.213872 0.346554
2 0.724972 0.162428 0.0810449 0.100774
2 0.0384355 0.366013 0.0768709 0.160743
2 0.14557 0.16019 0.0713094 0.081713
2 0.0950667 0.376237 0.150034 0.186139
2 0.85945 0.366582 0.126965 0.180674
2 0.928906 0.554862 0.141381 0.226329
2 0.060336 0.153287 0.109603 0.099161
2 0.95074 0.374856 0.0977665 0.160362
2 0.653245 0.166046 0.0732649 0.0871127
2 0.312054 0.377483 0.104907 0.164719
2 0.795627 0.165199 0.0783821 0.0765312
2 0.431067 0.161047 0.0548853 0.077851
5 0.843413 0.592027 0.17002 0.27605
2 0.700907 0.570118 0.140906 0.24592
2 0.11466 0.590418 0.172031 0.267647
2 0.760026 0.372092 0.113999 0.179798
2 0.213419 0.153586 0.0743368 0.089329
2 0.419887 0.37211 0.0943635 0.164125
2 0.566111 0.593751 0.12181 0.276369
2 0.582252 0.161893 0.0526482 0.0811753
2 0.358688 0.147941 0.0533735 0.100441
2 0.543512 0.389838 0.0933599 0.145117
2 0.0453522 0.559777 0.0904359 0.241628
2 0.681538 0.108105 0.0622927 0.0800013
2 0.842287 0.592001 0.166848 0.27653
2 0.186423 0.100789 0.062981 0.0684663
2 0.121579 0.101603 0.0858494 0.0702777
2 0.629487 0.103772 0.0530483 0.0786455
2 0.746334 0.101581 0.0615626 0.0647901
2 0.655478 0.378531 0.078221 0.158836
2 0.284721 0.150636 0.0568464 0.0862683
2 0.93788 0.160609 0.092878 0.0909552
0 0.924318 0.723635 0.0780781 0.129949
2 0.854809 0.147555 0.0979393 0.110851
2 0.055333 0.0212352 0.0507674 0.0424703
2 0.805279 0.0855595 0.0652274 0.0786694
2 0.941155 0.101112 0.0969858 0.0698954
2 0.158837 0.022489 0.0546958 0.044978
2 0.406604 0.0225977 0.0386895 0.0451953
2 0.505063 0.140645 0.0507465 0.143352
2 0.110148 0.0242536 0.0667264 0.0485071
2 0.694236 0.0225823 0.0466087 0.0451647
