67 0.869191 0.891991 0.139823 0.125893
67 0.657391 0.385284 0.051137 0.220818
67 0.480262 0.658539 0.0504524 0.223117
67 0.0950524 0.405482 0.0470662 0.182966
67 0.374957 0.64228 0.0497848 0.225943
67 0.682337 0.847547 0.122944 0.0976135
67 0.172501 0.625891 0.04503 0.202429
67 0.649356 0.628362 0.0535513 0.174487
67 0.930938 0.669688 0.059935 0.212253
67 0.57295 0.62832 0.0543162 0.216658
67 0.575708 0.371261 0.0501112 0.194716
67 0.477288 0.345377 0.0467461 0.209473
67 0.434312 0.0446915 0.112785 0.0893829
67 0.515617 0.901603 0.0711821 0.196793
67 0.0326035 0.689199 0.0498729 0.208851
67 0.170786 0.399163 0.0450698 0.203526
67 0.94007 0.37953 0.0647858 0.230956
67 0.901627 0.12112 0.141934 0.124446
67 0.389111 0.359677 0.0493412 0.211713
67 0.29913 0.377724 0.0500374 0.245746
67 0.725858 0.676354 0.0495609 0.204238
67 0.024725 0.394011 0.0481864 0.205413
67 0.746541 0.376512 0.0525085 0.225489
67 0.234209 0.663652 0.0481021 0.20988
67 0.101058 0.664385 0.0457981 0.201359
67 0.842884 0.391082 0.0553211 0.23288
67 0.0723475 0.188076 0.116588 0.0961581
67 0.734457 0.110414 0.12355 0.0975848
67 0.232024 0.398677 0.0489672 0.230624
67 0.987112 0.671065 0.0253037 0.23575
