2 0.377075 0.813285 0.213877 0.345526
2 0.0951042 0.37559 0.149696 0.184469
2 0.145762 0.160382 0.0719291 0.08201
2 0.0384847 0.365837 0.0769693 0.160488
2 0.725105 0.162775 0.0814502 0.101654
2 0.859515 0.366761 0.126314 0.180204
2 0.0604256 0.153831 0.109466 0.0998119
2 0.928805 0.555318 0.141709 0.224943
2 0.950803 0.374926 0.0976978 0.159142
2 0.652843 0.166312 0.0746086 0.0875996
2 0.431019 0.161006 0.0550805 0.0782896
2 0.312048 0.377479 0.104835 0.164402
2 0.795664 0.165188 0.0785349 0.0763842
2 0.213814 0.153754 0.0752017 0.0900154
2 0.701048 0.570255 0.140479 0.243454
5 0.843879 0.592498 0.169697 0.275407
2 0.114737 0.590219 0.172 0.267098
2 0.760353 0.37216 0.114555 0.179581
2 0.58205 0.16189 0.0525252 0.0811852
2 0.41972 0.37213 0.0952271 0.163554
2 0.566485 0.593826 0.121536 0.275374
2 0.0453666 0.560097 0.0904319 0.242795
2 0.358795 0.148179 0.0535091 0.0997882
2 0.681633 0.109048 0.0635031 0.0777038
0 0.924746 0.723096 0.0778192 0.130002
2 0.121326 0.101682 0.0865347 0.0702543
2 0.18664 0.100823 0.0638279 0.0682226
2 0.805824 0.0861176 0.0663685 0.0787354
2 0.746236 0.101419 0.0614857 0.0644708
2 0.84272 0.591926 0.166743 0.275484
2 0.629208 0.104775 0.0538961 0.0807384
2 0.544271 0.390277 0.0948529 0.145033
2 0.0554781 0.0213868 0.0510854 0.0427736
2 0.284986 0.150122 0.0572444 0.0868914
2 0.854939 0.148111 0.0976872 0.10987
2 0.937914 0.160687 0.0928604 0.0914486
2 0.158248 0.022661 0.0557909 0.0453219
2 0.940652 0.100911 0.0965639 0.0687321
5 0.543983 0.389971 0.0952399 0.14518
2 0.506207 0.140728 0.0516105 0.144374
2 0.655649 0.378504 0.0780284 0.158785
5 0.65541 0.378774 0.0777905 0.159309
2 0.406734 0.0229261 0.0391039 0.0458523
2 0.0657714 0.0912286 0.0730514 0.0650124
2 0.110257 0.0243832 0.0665989 0.0487664
2 0.506296 0.166012 0.050749 0.0906315
2 0.740602 0.024211 0.0552255 0.0484219
7 0.65566 0.378642 0.077924 0.158812
