2 0.15846491228070173 0.7621984649122807 0.3141812865497078 0.4006030701754386
2 0.44888888888888895 0.49739583333333337 0.8972222222222221 0.4572916666666667
2 0.4343055555555556 0.30729166666666674 0.30416666666666664 0.10625000000000004
2 0.5940277777777778 0.27083333333333337 0.12638888888888894 0.054166666666666675
2 0.7016666666666668 0.2651041666666667 0.10277777777777772 0.044791666666666646
2 0.7766666666666666 0.25885416666666666 0.075 0.03229166666666664
2 0.836388888888889 0.259375 0.06666666666666667 0.02708333333333332
2 0.9295833333333333 0.32677083333333334 0.13916666666666666 0.08895833333333332
2 0.9156944444444446 0.27875 0.16694444444444437 0.05125
2 0.49055555555555563 0.2546875 0.0527777777777779 0.02395833333333332
2 0.4065277777777778 0.24739583333333337 0.05138888888888895 0.01979166666666668
2 0.2544444444444446 0.24895833333333336 0.058333333333333334 0.020833333333333322
2 0.12458333333333338 0.24895833333333336 0.04305555555555552 0.020833333333333322
2 0.06902777777777781 0.24947916666666667 0.05416666666666667 0.021875
2 0.03847222222222224 0.25104166666666666 0.05972222222222219 0.02708333333333336
