2 0.5848836715245616 0.13819163292847503 0.04977268450794847 0.06909581646423753
2 0.8179655111715396 0.5743589743589743 0.16267170058695343 0.2569500674763833
2 0.9159812806147533 0.8668178137651821 0.16204043727124304 0.2610310391363023
2 0.6504379389252741 0.7087719298245614 0.14446218186453338 0.2148448043184885
2 0.706990634237537 0.9100026990553306 0.14224062058039807 0.17466126855600547
2 0.2443656714153045 0.4340080971659919 0.11654091982348906 0.16194331983805668
2 0.09170920612568209 0.41187584345479084 0.12928758292918316 0.227800269905533
2 0.5566589175048103 0.2758434547908232 0.06737521927295458 0.1371120107962213
2 0.20096631846020307 0.09770580296896086 0.109864096291935 0.10040485829959513
2 0.10718729703973923 0.04156545209176788 0.04613078076346442 0.07017543859649122
2 0.18730917941838798 0.031848852901484474 0.05948442782657256 0.06369770580296895
